12 14 33 12 6 9 39 13 21
12 17 30 47 27 31 16 21 35
12 21 34 25 4 2 26 43 41
12 24 30 29 18 34 19 28 12
12 28 32 15 14 29 39 20 43
1 1 29 28 13 33 34 32 43
1 5 2 13 34 44 6 40 14
1 8 36 22 44 34 46 29 37
1 12 11 42 6 48 4 22 23
1 15 43 37 26 17 29 22 31
1 19 43 14 17 48 20 25 15
1 22 40 1 26 31 2 39 38
1 26 25 7 19 37 13 18 14
1 29 43 37 32 4 21 25 2
2 4 28 17 32 23 3 6 45
2 7 12 24 45 23 8 46 36
2 11 1 45 25 11 41 17 32
2 14 12 22 41 48 23 15 17
2 18 8 18 12 19 34 17 37
2 21 21 8 30 22 31 14 48
2 25 7 26 38 2 43 1 4
2 28 6 25 16 33 20 46 12
2 2 46 12 30 2 41 14 29
2 5 21 11 49 36 43 17 5
2 9 38 11 15 35 21 13 37
2 12 46 45 7 3 42 49 8
2 16 24 25 39 26 44 16 30
2 19 43 41 26 14 5 38 4
2 23 30 48 25 24 36 26 45
2 26 13 30 37 45 14 20 1
3 1 13 45 17 19 39 26 11
3 4 3 11 20 28 22 19 13
3 8 22 29 31 34 25 46 49
3 11 34 13 1 10 46 33 7
3 15 40 3 13 28 9 48 39
3 18 47 6 40 45 44 27 11
3 22 4 25 23 10 26 3 33
3 25 36 32 11 10 14 4 9
3 29 2 49 32 18 4 20 30
4 2 6 30 34 46 28 43 9
4 6 17 16 1 30 36 49 44
4 9 44 34 6 42 22 27 36
4 13 31 45 32 1 17 30 33
4 16 4 32 31 1 34 35 33
4 20 49 15 25 41 6 37 3
4 23 22 30 2 33 16 10 41
4 27 43 46 41 12 5 45 33
4 30 30 48 44 5 34 11 40
5 4 17 36 11 22 6 9 44
5 7 17 11 29 49 44 36 33
5 11 19 42 17 12 22 27 48
5 14 16 44 6 10 29 11 37
5 18 7 31 19 46 42 27 39
5 21 30 4 7 24 13 5 49
5 25 42 25 3 36 8 4 32
5 28 38 5 32 2 42 49 44
6 3 49 26 30 3 7 2 6
6 6 24 37 46 27 11 15 1
6 10 28 15 38 41 42 1 24
6 13 46 31 42 33 40 20 30
6 17 40 11 42 19 21 3 14
6 20 30 21 24 14 27 13 20
6 24 19 5 26 17 28 43 25
6 27 34 33 11 16 27 40 7
7 1 42 5 19 11 16 6 10
7 4 41 31 32 22 10 48 24
7 8 31 38 13 45 46 29 43
7 11 48 31 37 34 42 14 29
7 15 47 22 29 28 4 44 32
7 18 9 47 41 18 32 16 46
7 22 12 26 42 25 31 36 29
7 25 21 14 49 13 7 20 34
7 29 8 10 11 23 44 21 42
8 3 26 38 46 37 7 19 29
8 7 8 43 6 10 9 5 13
8 10 16 48 15 33 35 1 10
8 14 41 42 26 40 27 43 28
8 17 7 13 47 20 15 22 19
8 21 12 25 15 23 21 35 24
8 24 31 19 3 6 22 32 5
8 28 45 1 7 10 42 32 26
9 1 36 4 45 47 39 23 25
9 5 23 42 21 25 38 10 33
9 8 10 21 24 20 48 3 26
9 12 30 6 13 34 44 38 48
9 15 10 31 24 40 13 12 47
9 19 1 38 25 10 28 49 23
9 22 23 31 38 36 33 26 21
9 26 27 24 34 25 12 36 39
9 29 43 17 9 40 28 12 13
10 4 23 11 17 33 8 14 30
10 7 45 7 38 20 39 11 30
10 11 28 2 27 44 14 49 30
10 14 31 3 9 10 27 4 26
10 18 12 4 30 23 35 48 46
10 21 23 28 16 5 47 38 49
10 25 35 26 11 8 2 12 47
10 28 28 16 48 35 46 44 26
11 2 39 24 15 38 37 5 6
11 5 18 22 34 36 2 12 8
11 9 3 13 4 42 39 26 18
11 12 18 3 23 40 5 45 41
11 16 16 24 8 1 22 30 14
11 19 34 43 33 18 49 3 2
11 23 5 37 10 39 46 27 8
11 26 46 6 47 23 45 39 18
12 1 17 36 14 1 49 3 10
12 4 31 35 15 1 2 21 33
12 8 49 38 16 7 14 45 25
12 11 26 23 1 41 27 33 18
12 15 31 36 14 17 30 47 28
12 18 25 45 44 39 48 3 13
12 22 37 35 2 46 17 31 3
12 25 48 19 43 7 30 8 49
12 29 49 47 31 41 44 11 25
1 2 19 28 33 38 46 26 48
1 6 7 5 47 26 24 30 36
1 9 12 23 21 14 30 25 3
1 13 6 35 21 11 22 41 27
1 16 36 42 2 4 48 41 34
1 20 21 47 14 25 43 27 5
1 23 36 32 31 25 28 34 43
1 27 36 6 34 1 16 40 38
2 1 48 3 42 31 16 1 23
2 5 12 21 5 33 19 42 9
2 8 12 30 7 10 34 22 8
2 12 19 5 2 38 45 6 1
2 15 23 7 10 45 47 44 38
2 19 1 9 2 25 44 28 42
2 22 47 38 28 22 20 41 25
2 26 40 29 5 33 28 15 26
2 29 44 23 5 15 29 31 17
3 3 45 6 27 2 24 9 49
3 6 25 20 36 49 18 48 21
3 10 41 20 45 40 49 11 36
3 13 43 5 36 33 4 22 26
3 17 38 1 34 16 36 25 41
3 20 29 39 4 5 15 20 34
3 24 1 43 29 35 47 3 40
3 27 14 47 5 18 44 34 10
4 2 1 29 16 9 2 7 15
4 5 32 29 28 31 15 47 18
4 9 6 44 1 37 41 11 4
4 12 27 4 46 2 24 14 28
4 16 10 9 2 31 21 8 44
4 19 16 48 18 3 9 41 22
4 23 16 4 25 8 15 11 43
4 26 46 41 4 15 21 30 48
4 30 10 28 9 45 4 3 37
5 3 6 30 13 44 4 22 5
5 7 46 31 25 14 9 36 40
5 10 8 45 25 16 28 12 49
5 14 22 47 48 28 4 20 43
5 17 43 34 10 18 4 40 3
5 21 49 43 17 22 37 10 8
5 24 45 5 4 35 9 2 48
5 28 15 31 32 2 38 17 11
6 2 27 21 36 12 6 48 18
6 6 1 43 11 18 14 35 25
6 9 3 43 46 31 22 47 14
6 13 11 25 13 7 30 40 6
6 16 33 11 37 26 28 22 42
6 20 12 5 25 27 41 44 18
6 23 41 24 9 27 14 37 12
6 27 2 44 47 36 16 13 21
6 30 26 20 40 9 41 29 21
7 4 37 45 38 28 43 24 18
7 7 45 20 9 22 46 31 3
7 11 41 37 38 13 33 15 47
7 14 3 38 11 36 8 49 19
7 18 23 17 25 28 18 24 41
7 21 4 25 2 6 46 21 28
7 25 43 9 10 40 42 36 41
7 28 48 20 12 43 6 47 41
8 2 44 5 27 8 26 22 10
8 5 3 11 45 10 36 37 29
8 9 35 39 28 24 30 4 19
8 12 44 41 45 15 4 23 46
8 16 38 3 45 43 29 26 28
8 19 2 37 49 11 35 48 5
8 23 44 26 41 18 37 4 6
8 26 23 1 40 19 38 8 5
9 1 3 16 15 40 48 25 18
9 4 24 8 28 31 48 2 15
9 8 29 45 23 11 6 49 26
9 11 43 48 3 11 46 26 5
9 15 30 43 27 47 39 35 25
9 18 21 13 14 42 47 11 22
9 22 44 8 22 27 7 17 28
9 25 26 8 28 36 6 23 37
9 29 22 26 48 5 10 31 41
10 2 6 17 8 19 30 47 23
10 6 42 48 17 16 32 23 2
10 9 4 36 7 19 30 46 48
10 13 44 29 2 49 39 13 35
10 16 4 2 17 27 39 3 15
10 20 34 7 33 42 23 13 30
10 23 49 11 30 41 47 9 4
10 27 23 40 2 25 14 26 6
11 1 40 39 30 43 38 7 13
11 5 34 47 25 40 41 31 15
11 8 35 26 28 48 18 13 42
11 12 37 28 29 36 30 26 18
11 15 49 32 39 16 45 7 30
11 19 27 20 3 22 26 21 25
11 22 12 22 27 47 26 24 40
11 26 45 27 2 1 8 7 19
11 29 39 13 7 31 10 6 18
12 3 6 15 22 35 41 25 32
12 6 18 23 48 39 38 26 45
12 10 22 46 20 8 39 45 31
12 13 22 30 28 11 7 24 35
12 17 19 31 12 26 4 15 41
12 20 3 26 18 20 21 11 24
12 24 40 1 16 23 21 11 10
12 27 10 29 43 30 47 32 35
1 2 5 42 4 26 32 13 46
1 5 2 20 8 33 26 12 13
1 9 11 25 18 29 49 15 5
1 12 21 12 39 38 34 37 27
1 16 3 23 36 49 15 21 10
1 19 6 29 26 23 5 18 16
1 23 21 2 18 37 43 14 13
1 26 7 16 33 17 12 19 39
1 30 9 36 42 17 27 18 10
2 3 5 8 32 31 24 39 4
2 7 31 9 7 34 5 15 38
2 10 13 15 18 6 17 22 3
2 14 25 39 35 21 42 4 45
2 17 46 45 3 42 9 18 5
2 21 40 12 49 28 47 30 3
2 24 38 46 28 29 7 23 14
2 29 15 8 45 9 5 29 18
3 2 12 31 48 26 17 35 40
3 7 11 10 34 32 39 6 7
3 9 38 23 42 36 40 5 1
3 14 16 8 37 22 38 10 14
3 16 37 45 23 39 1 25 21
3 21 4 16 20 14 41 6 2
3 23 42 34 15 13 9 27 2
3 28 40 49 19 44 3 9 4
3 30 33 49 30 9 42 12 4
4 5 25 16 24 40 43 3 48
4 7 26 27 41 3 19 2 7
4 12 38 18 42 26 8 5 2
4 14 26 2 19 46 12 34 38
4 19 46 35 8 36 45 20 44
4 21 47 46 49 1 23 28 6
4 26 11 42 20 46 38 31 37
4 28 37 1 48 47 15 20 38
5 4 9 16 22 2 49 15 7
5 6 11 34 45 48 4 35 24
5 11 15 37 4 41 42 12 19
5 13 4 15 47 23 3 26 12
5 18 45 11 38 12 32 8 24
5 20 1 25 35 44 37 46 43
5 25 18 8 43 19 14 3 29
5 27 18 41 31 39 47 1 44
6 2 20 30 1 35 29 39 43
6 4 31 17 11 15 21 23 9
6 9 19 14 8 9 33 20 29
6 11 41 23 44 14 24 47 10
6 16 9 1 44 42 6 16 3
6 18 24 42 43 16 6 34 23
6 23 36 31 34 20 38 11 15
6 25 7 49 30 41 37 43 10
7 1 25 27 42 14 16 49 44
7 3 42 37 36 45 46 4 1
7 8 37 35 29 42 12 28 8
7 10 44 3 21 42 20 46 25
7 15 4 22 12 8 39 20 48
7 17 48 40 16 43 3 9 42
7 22 6 32 27 41 10 19 43
7 24 36 28 35 18 23 25 16
7 29 30 20 38 40 24 16 6
7 1 11 17 21 10 14 45 19
7 6 49 34 38 24 17 42 30
7 8 33 5 6 38 49 25 47
7 13 2 5 48 33 30 27 19
7 15 11 15 43 48 28 12 37
7 20 2 14 11 8 21 15 31
7 22 44 39 43 10 1 37 35
7 27 9 1 41 40 39 21 46
7 29 21 33 20 6 13 40 26
8 5 45 8 25 6 2 30 38
8 7 30 8 33 43 19 37 22
8 12 7 36 6 23 31 33 24
8 14 20 7 36 44 15 32 3
8 19 35 46 36 17 1 21 19
8 21 9 17 30 26 41 23 19
8 26 16 13 46 8 43 41 31
8 28 9 10 33 38 25 12 5
9 3 5 1 15 42 4 18 6
9 5 19 42 5 11 7 36 23
9 10 8 6 46 29 39 49 23
9 12 45 30 6 34 48 46 29
9 17 5 40 33 38 18 20 34
9 19 14 22 40 20 12 37 23
9 24 38 29 34 47 5 17 26
9 26 49 2 29 17 38 28 16
10 1 19 11 7 6 47 48 17
10 3 34 37 23 1 43 45 9
10 8 42 37 14 45 19 31 11
10 10 16 3 7 43 6 14 17
10 15 41 14 35 45 26 28 33
10 17 35 27 5 28 42 30 37
10 22 18 16 45 46 37 38 10
10 24 48 33 27 4 8 2 14
10 29 32 36 19 30 34 12 37
11 2 16 49 45 42 32 46 3
11 7 31 6 24 13 32 49 3
11 9 7 4 8 31 1 25 33
11 14 27 31 13 49 23 21 19
11 17 19 44 42 48 23 12 33
11 21 28 39 35 45 26 44 18
11 24 26 31 33 10 28 16 44
11 28 28 38 13 33 43 48 4
12 1 46 45 44 26 6 27 2
12 5 44 15 7 31 36 6 29
12 8 8 13 18 26 34 36 17
12 12 45 6 26 18 39 42 14
12 15 48 10 12 7 8 47 38
12 19 16 26 32 48 12 41 1
12 22 45 7 28 41 48 30 44
12 26 2 46 25 39 8 43 13
12 29 34 48 44 19 27 18 37
1 3 1 19 45 38 33 13 36
1 6 13 39 48 25 5 30 36
1 10 49 39 6 36 48 22 28
1 13 15 39 49 32 12 24 6
1 17 33 2 15 46 16 31 40
1 20 21 14 23 31 20 12 45
1 24 41 4 22 13 24 26 28
1 27 35 43 28 49 36 38 47
2 2 47 37 14 15 25 49 13
2 5 19 32 17 20 5 6 18
2 9 39 11 21 42 43 4 10
2 12 14 45 46 40 33 31 49
2 16 39 49 45 4 10 43 33
2 19 18 22 37 34 35 10 41
2 23 20 6 42 2 47 4 39
2 26 23 31 15 5 33 28 49
3 1 45 48 31 8 44 40 6
3 4 49 9 15 44 19 16 37
3 8 40 38 8 20 25 22 41
3 11 42 32 10 38 9 29 37
3 15 24 28 49 34 45 21 46
3 18 6 38 40 22 44 34 15
3 22 27 1 46 41 28 16 38
3 25 29 26 10 13 47 21 49
3 29 35 31 48 47 40 13 39
4 2 41 27 43 11 12 46 36
4 6 41 48 1 30 18 32 24
4 9 13 25 11 36 2 34 38
4 13 10 45 43 48 15 18 11
4 16 11 43 34 25 7 8 16
4 20 47 25 23 36 16 1 21
4 23 46 26 28 2 1 11 16
4 27 5 38 39 3 20 44 43
5 1 17 46 36 34 28 11 26
5 5 20 41 28 43 33 45 10
5 8 13 35 42 39 32 41 1
5 12 37 43 38 18 24 47 2
5 15 9 26 29 44 23 28 31
5 19 9 49 24 1 5 21 35
5 22 36 23 48 12 9 44 26
5 26 34 44 40 45 29 2 1
5 29 10 34 35 13 5 18 15
6 4 29 49 15 48 39 37 46
6 7 10 5 2 23 25 19 11
6 11 31 1 12 22 29 7 4
6 13 21 39 13 42 46 32 36
6 18 39 1 6 41 7 25 5
6 21 2 15 12 40 27 38 35
6 25 5 1 35 18 25 41 14
6 28 35 11 40 29 22 27 48
7 2 38 26 2 25 12 5 6
7 5 43 35 31 2 12 47 40
7 9 46 24 42 16 38 25 6
7 12 47 4 25 7 12 6 9
7 16 22 29 39 2 11 34 45
7 19 35 31 23 44 40 41 21
7 23 21 17 42 48 9 18 7
7 26 22 5 49 32 42 3 28
8 1 28 18 14 3 22 36 47
8 4 45 22 27 15 2 48 32
8 8 20 46 29 37 31 25 49
8 11 39 16 24 35 31 1 21
8 15 8 42 38 28 10 12 33
8 18 16 19 8 30 9 17 45
8 22 49 3 4 9 24 8 23
8 25 19 48 26 29 10 3 18
8 29 40 36 47 9 38 46 13
9 2 9 28 26 37 20 23 44
9 6 38 7 18 40 11 5 31
9 9 36 15 28 17 46 22 24
9 13 49 25 29 10 47 34 17
9 16 36 21 13 3 11 16 26
9 20 4 9 1 41 19 17 7
9 23 48 10 4 44 28 45 39
9 27 43 44 10 1 27 40 2
9 30 24 12 6 1 2 18 25
10 4 37 16 17 5 3 32 24
10 7 16 39 42 20 46 22 38
10 11 1 16 17 20 22 42 29
10 14 43 46 1 49 23 22 33
10 18 8 47 12 36 34 16 33
10 21 15 8 19 45 16 30 44
10 25 1 43 16 38 44 31 42
10 28 8 17 28 32 34 10 42
11 2 10 43 27 16 20 15 19
11 5 34 1 17 27 26 39 13
11 9 13 7 4 19 49 23 17
11 12 20 28 15 22 19 44 42
11 16 31 9 37 5 18 6 32
11 19 12 18 10 22 16 29 30
11 23 48 18 13 27 43 47 21
11 26 13 5 40 31 29 39 33
12 1 17 28 44 12 7 3 36
12 4 27 8 37 3 49 7 48
12 8 41 31 5 8 32 10 11
12 11 6 18 36 25 8 26 13
12 15 37 26 14 13 9 30 5
12 18 20 1 15 24 4 40 32
12 22 49 42 21 38 34 41 25
12 25 2 6 20 38 1 18 29
12 29 33 29 42 35 30 17 10
1 2 7 15 3 6 1 27 39
1 6 12 5 27 25 22 19 29
1 9 31 1 42 41 46 22 36
1 13 26 22 31 16 39 43 9
1 16 43 30 12 7 3 1 22
1 20 40 6 33 37 47 16 28
1 23 7 1 9 10 18 27 43
1 27 25 38 22 1 47 15 16
1 30 28 40 41 25 12 42 29
2 4 44 30 7 8 21 36 4
2 7 44 34 21 30 3 49 13
2 11 38 9 27 1 33 49 31
2 14 11 49 27 32 34 14 28
2 18 33 3 13 5 2 49 10
2 21 19 26 8 9 1 12 49
2 25 32 25 8 33 24 16 12
2 28 28 23 44 38 13 30 26
3 3 29 32 23 39 37 11 31
3 6 25 23 6 42 28 5 43
3 10 43 47 32 33 13 20 28
3 13 35 43 13 38 4 25 30
3 17 49 36 10 15 44 31 7
3 20 45 15 48 20 47 4 34
3 24 42 11 2 35 3 32 18
3 27 14 45 13 33 11 39 41
4 2 9 23 46 10 15 48 38
4 5 15 43 36 23 48 17 21
4 9 41 31 37 38 11 47 18
4 12 22 7 26 3 21 40 41
4 16 45 17 8 47 14 42 39
4 19 11 37 44 29 2 10 13
4 23 4 15 49 24 41 7 30
4 26 42 12 8 20 32 11 30
4 30 31 1 27 20 29 24 4
5 3 22 31 20 42 1 40 38
5 7 22 19 39 14 20 34 37
5 10 8 39 31 20 7 21 6
5 14 41 32 15 40 7 1 9
5 17 24 28 3 39 20 21 23
5 21 8 20 2 43 33 7 4
5 24 41 38 2 9 10 1 31
5 28 48 15 43 35 24 20 9
6 2 21 10 43 49 6 17 33
6 6 32 33 14 36 23 42 3
6 9 34 7 21 23 22 36 11
6 13 6 16 21 45 37 36 40
6 16 38 9 4 15 6 20 27
6 20 1 29 30 33 25 17 47
6 23 19 25 29 7 43 35 1
6 27 41 39 43 45 16 42 14
7 1 37 38 7 22 18 11 30
7 5 29 10 41 44 5 45 6
7 8 35 16 8 33 49 20 24
7 12 43 16 24 33 22 49 45
7 15 23 8 24 43 14 44 4
7 19 39 43 16 2 25 35 26
7 22 4 37 8 26 31 5 10
7 26 23 18 24 2 4 6 32
7 29 28 24 2 25 26 46 49
8 3 3 34 25 21 10 2 47
8 6 2 32 33 22 14 3 24
8 10 46 23 28 10 35 27 2
8 13 34 37 16 9 18 1 12
8 17 2 31 44 32 46 25 7
8 20 23 2 13 48 28 35 18
8 24 20 22 29 35 2 9 38
8 27 42 30 15 41 29 36 39
9 2 22 9 13 1 7 27 34
9 5 18 41 48 19 37 45 9
9 9 33 1 34 20 29 28 40
9 12 13 24 14 41 20 47 6
9 16 28 46 30 8 44 43 12
9 19 5 36 28 11 15 19 46
9 23 4 30 7 8 2 18 33
9 26 49 14 6 9 5 8 3
9 30 12 14 2 36 41 7 35
10 3 9 1 47 11 19 3 40
10 7 40 32 19 11 20 13 9
10 10 33 25 40 15 30 46 18
10 14 45 39 11 33 13 34 15
10 17 36 7 23 43 35 15 8
10 21 34 39 17 29 14 20 7
10 24 37 17 16 30 28 21 9
10 28 15 39 46 49 4 26 11
11 1 5 1 17 7 16 41 20
11 5 21 7 37 30 49 29 36
11 8 2 8 44 40 3 31 45
11 12 26 16 41 6 1 5 48
11 15 34 28 42 39 2 36 24
11 19 35 40 25 26 39 14 37
11 22 10 30 15 38 45 3 41
11 26 23 45 2 25 7 39 22
11 29 40 18 37 8 33 15 32
12 4 25 9 39 26 36 3 35
12 7 26 38 6 2 35 23 11
12 11 21 20 15 29 33 4 16
12 14 37 30 45 27 4 15 19
12 18 18 48 47 4 11 33 30
12 21 8 40 24 26 33 25 13
12 25 40 23 22 7 21 43 34
12 28 10 28 11 40 38 21 29
1 2 32 13 27 35 38 14 48
1 5 10 5 41 39 2 23 48
1 9 14 43 3 42 23 10 34
1 12 10 32 7 21 27 4 37
1 16 18 48 12 46 9 30 42
1 19 3 24 2 42 45 7 10
1 23 43 22 36 21 16 5 28
1 26 1 40 13 49 34 24 37
1 29 4 25 38 23 11 46 17
2 3 34 17 26 19 36 13 2
2 7 45 26 7 28 34 14 9
2 10 13 26 31 32 21 6 30
2 14 13 38 28 36 9 26 46
2 17 47 24 46 45 32 9 33
2 21 35 5 23 18 29 1 27
2 24 31 18 7 11 2 9 5
2 28 18 29 21 25 7 2 32
3 1 1 28 18 34 40 2 25
3 5 25 16 47 31 23 13 36
3 8 36 33 44 6 42 45 48
3 12 43 46 24 12 31 3 42
3 15 25 36 40 44 8 9 17
3 19 45 23 8 48 2 20 43
3 22 24 38 21 18 22 16 34
3 26 16 36 11 27 39 23 35
3 29 24 20 49 42 13 21 43
4 4 18 5 39 30 43 29 26
4 7 5 38 21 43 3 26 32
4 11 45 37 12 15 42 47 29
4 14 3 22 19 24 31 15 5
4 18 44 20 39 3 1 26 30
4 21 7 18 5 15 45 14 11
4 25 38 46 32 11 31 48 42
4 28 18 1 32 2 40 16 15
5 3 39 8 48 41 3 33 32
5 6 21 29 30 34 36 45 49
5 10 46 11 34 12 20 28 41
5 13 6 27 44 42 49 23 15
5 17 26 44 49 36 35 27 42
5 20 44 43 12 41 32 13 21
5 24 8 5 25 30 10 3 15
5 27 40 23 2 12 42 19 9
5 1 49 43 22 21 6 29 48
5 4 38 6 12 43 45 33 49
5 8 34 26 7 4 9 21 28
5 11 40 41 19 47 17 32 37
5 15 47 31 25 39 37 2 35
5 18 8 46 3 21 30 26 11
5 22 41 37 44 4 15 5 8
5 25 11 13 38 16 9 42 6
5 29 39 28 48 17 27 5 44
6 3 40 1 7 22 47 3 15
6 7 2 49 13 15 25 10 4
6 10 7 4 10 9 24 42 41
6 14 23 21 27 48 44 2 30
6 17 26 2 31 15 1 49 43
6 21 24 46 27 3 30 28 42
6 24 39 8 4 26 15 49 34
6 28 18 47 31 11 46 12 27
7 2 42 32 37 11 13 43 20
7 6 38 9 1 7 21 15 31
7 9 39 23 45 44 12 48 47
7 13 26 8 19 36 12 7 9
7 16 40 5 49 31 28 36 20
7 20 12 15 19 8 11 20 34
7 23 33 48 16 18 31 10 7
7 27 36 2 4 43 48 26 30
7 30 38 2 8 9 4 26 23
8 4 21 8 12 3 42 4 48
8 7 9 37 13 1 33 16 4
8 11 27 32 17 47 37 45 25
8 14 9 25 15 30 35 28 22
8 18 33 26 14 22 9 15 16
8 21 14 10 33 17 41 40 12
8 25 49 40 44 28 5 13 43
8 28 43 15 30 13 20 29 1
9 3 11 14 46 1 12 41 45
9 6 6 34 19 18 21 5 10
9 10 2 46 28 42 12 32 23
9 13 37 8 4 20 39 12 30
9 17 13 34 5 26 29 20 30
9 20 46 45 10 1 2 44 22
9 24 2 25 42 7 22 26 44
9 27 47 33 13 32 38 25 26
10 1 10 34 1 8 49 4 46
10 4 31 13 26 15 5 20 35
10 8 13 40 23 27 2 7 4
10 11 5 19 15 26 6 1 14
10 15 27 11 23 29 49 38 40
10 18 13 2 3 22 19 39 21
10 22 19 4 32 16 39 27 21
10 25 36 12 48 20 29 15 31
10 29 43 48 38 44 35 4 37
11 3 16 32 45 43 3 42 6
11 7 10 11 24 27 14 47 32
11 10 9 22 42 12 47 30 27
11 14 48 21 25 12 42 29 6
11 17 22 20 23 2 16 27 46
11 21 32 38 11 24 18 40 47
11 24 1 43 21 45 19 8 30
11 28 36 1 48 23 46 34 18
12 1 47 4 49 7 26 41 3
12 5 32 35 25 45 24 13 5
12 8 3 23 24 31 32 46 47
12 12 26 39 40 33 28 25 10
12 15 34 18 16 49 29 44 8
12 19 27 15 21 9 41 18 46
12 22 36 1 19 5 33 14 16
12 26 32 9 13 35 45 34 38
12 29 32 1 23 40 14 31 35
1 3 49 29 26 43 36 5 12
1 6 27 43 14 30 12 37 36
1 10 45 19 5 40 48 23 6
1 13 22 6 47 32 5 34 1
1 17 34 38 2 33 3 9 45
1 20 22 35 38 21 3 15 4
1 24 12 36 16 7 14 5 4
1 27 38 31 35 18 23 19 22
2 1 26 36 39 46 37 41 4
2 4 8 22 49 18 5 29 47
2 8 37 22 35 48 11 28 49
2 11 36 17 19 9 23 35 34
2 15 16 46 47 49 37 41 14
2 18 48 6 21 41 1 16 12
2 22 9 23 31 28 27 41 44
2 25 49 36 40 4 5 29 26
2 29 14 49 46 34 42 12 25
3 3 34 31 1 24 40 30 43
3 7 7 41 23 32 2 21 42
3 10 47 45 4 30 3 49 27
3 14 34 35 12 48 14 16 43
3 17 44 35 37 39 8 36 20
3 21 15 35 4 32 34 23 18
3 24 38 23 49 28 19 32 20
3 28 42 45 11 13 33 29 2
4 1 16 28 47 6 21 3 18
4 5 33 3 6 27 14 28 5
4 8 44 12 27 16 47 4 39
4 12 1 30 43 32 20 34 3
4 15 20 43 19 3 26 18 10
4 19 2 40 5 15 35 28 1
4 22 39 27 28 15 11 37 4
4 26 46 40 42 24 8 25 10
4 29 42 43 20 21 27 1 26
5 4 27 2 4 20 17 44 24
5 7 48 26 2 5 15 20 8
5 11 15 9 36 26 42 28 40
5 14 47 11 27 24 46 39 20
5 18 1 4 11 48 20 18 5
5 21 23 32 45 7 20 10 17
5 25 5 21 48 43 25 11 31
5 28 24 35 32 11 25 33 23
6 2 2 31 34 5 8 15 12
6 5 17 16 32 20 18 45 9
6 9 23 29 5 43 27 22 47
6 12 43 49 42 15 8 22 7
6 16 38 33 44 49 15 3 30
6 19 14 11 8 36 12 23 45
6 23 3 25 49 15 13 29 9
6 26 19 47 22 28 10 21 39
7 1 24 25 40 28 3 38 11
7 4 36 2 22 30 48 13 9
7 8 6 18 19 14 20 42 9
7 11 8 28 21 44 38 33 27
7 15 6 45 47 30 8 48 29
7 18 27 14 47 30 42 8 29
7 22 4 20 7 31 43 23 47
7 25 5 7 38 47 18 20 37
7 29 4 8 43 16 3 41 22
8 3 41 10 18 42 14 49 24
8 7 19 44 26 2 1 22 3
8 10 24 35 12 39 13 34 14
8 14 1 22 45 39 35 38 8
8 17 36 8 2 29 42 44 22
8 21 3 4 32 19 22 40 11
8 24 23 37 12 38 48 8 20
8 28 14 16 32 21 43 35 49
9 1 39 48 14 41 11 3 6
9 5 31 8 9 20 10 40 25
9 8 46 28 30 1 20 11 10
9 12 36 12 21 35 27 37 8
9 15 1 18 49 13 4 8 3
9 19 3 43 22 35 14 44 26
9 22 27 19 13 4 28 26 33
9 26 5 34 36 39 4 21 28
9 29 47 28 16 5 8 13 46
10 4 21 31 30 5 36 7 49
10 7 39 10 37 3 23 36 15
10 11 2 10 7 12 43 15 22
10 14 43 3 40 45 44 6 41
10 18 2 26 3 32 48 30 41
10 21 22 23 44 35 18 49 26
10 25 7 24 8 36 34 38 16
10 28 38 23 17 48 33 43 19
11 2 30 37 38 49 21 22 34
11 5 17 22 26 33 29 1 3
11 9 15 41 16 20 32 17 8
11 12 41 9 30 35 28 25 12
11 16 23 38 12 35 45 1 26
11 19 48 27 16 49 43 39 1
11 23 36 13 17 2 27 31 18
11 26 9 4 39 38 27 36 2
12 1 19 14 37 23 47 35 42
12 4 34 35 13 47 11 49 20
12 8 7 12 20 11 14 10 41
12 11 20 32 39 16 17 45 46
12 15 15 40 42 38 47 46 17
12 18 39 32 43 36 37 2 3
12 22 12 39 21 31 13 17 20
12 25 18 3 42 24 13 4 47
12 29 6 17 25 42 40 1 15
1 2 10 49 47 42 41 33 3
1 6 31 39 5 6 23 41 16
1 9 36 3 45 34 7 4 24
1 13 9 15 24 35 33 12 18
1 16 20 23 38 37 14 26 33
1 20 32 35 20 15 13 39 11
1 23 2 28 44 36 20 3 21
1 27 3 14 27 8 48 31 23
1 30 23 27 22 16 12 18 41
2 4 47 25 24 6 1 32 38
2 7 11 42 13 21 22 5 25
2 11 41 19 28 30 29 4 10
2 14 3 15 37 30 23 36 28
2 18 20 24 47 36 6 8 27
2 21 43 48 18 39 1 35 2
2 25 10 18 12 22 4 40 24
2 28 32 35 30 20 14 43 33
3 3 20 29 24 28 8 10 32
3 6 9 38 10 23 37 29 44
3 10 24 6 29 33 4 14 45
3 13 47 37 42 28 38 15 33
3 17 47 22 46 35 41 37 24
3 20 46 26 22 4 36 21 41
3 24 37 41 39 40 45 20 8
3 27 17 7 22 23 1 16 19
4 1 18 15 24 28 10 43 35
4 4 22 24 36 44 23 6 3
4 8 25 38 5 12 42 35 28
4 11 19 29 42 36 16 21 10
4 15 1 3 48 11 26 15 28
4 18 42 33 34 2 47 44 10
4 22 24 16 25 19 1 26 21
4 25 48 10 43 5 32 24 4
4 29 43 32 38 5 9 15 12
5 2 12 8 15 13 46 35 30
5 6 39 3 31 22 27 8 14
5 9 29 6 37 10 41 19 9
5 13 33 21 31 17 48 5 25
5 16 1 2 31 19 47 48 36
5 20 46 10 1 13 40 42 41
5 23 38 11 27 21 19 39 24
5 27 33 27 13 11 15 23 4
6 1 9 49 23 44 31 25 2
6 5 15 2 28 1 32 18 26
6 8 43 37 47 16 18 35 7
6 12 24 41 8 31 35 37 19
6 15 43 49 23 30 27 17 31
6 19 17 37 20 47 49 2 36
6 22 8 22 6 4 5 38 42
6 26 2 8 29 36 35 13 14
6 29 19 38 46 28 6 37 42
7 3 27 17 45 24 42 28 31
7 6 3 28 25 49 24 20 30
7 10 49 25 27 33 38 40 12
7 13 12 22 45 2 40 14 4
7 17 43 42 26 38 30 37 32
7 20 32 41 18 30 13 48 45
7 24 42 29 23 32 5 36 14
7 27 10 31 45 33 32 43 30
8 2 48 26 36 37 10 12 34
8 5 30 5 35 22 24 2 42
8 9 41 29 38 23 9 2 8
8 12 12 8 15 36 1 47 10
8 16 11 48 2 41 8 38 18
8 19 48 28 23 36 30 15 45
8 23 28 25 27 34 2 37 42
8 26 27 23 16 14 44 28 40
9 1 9 42 23 3 26 31 41
9 4 10 44 11 34 48 24 31
9 8 8 49 29 26 15 2 3
9 11 1 30 16 6 13 33 3
9 15 6 34 18 43 2 33 28
9 18 7 26 23 39 8 21 28
9 22 46 19 44 32 8 4 21
9 25 20 35 33 43 41 34 4
9 29 2 5 33 28 44 24 4
10 2 24 5 33 36 27 15 1
10 6 21 4 7 29 13 14 22
10 9 21 14 8 7 2 38 11
10 13 2 40 39 11 35 22 36
10 16 36 29 20 19 4 32 30
10 20 46 21 42 35 12 19 40
10 23 12 11 16 10 45 15 19
10 27 40 37 46 41 21 16 27
11 1 10 43 30 8 36 27 48
11 5 7 1 35 36 11 14 10
11 8 23 39 45 31 37 27 6
11 12 38 14 18 3 13 22 6
11 15 37 38 40 45 39 10 18
11 19 48 23 36 2 30 44 24
11 22 41 31 10 36 44 35 34
11 26 26 7 34 9 5 27 8
11 29 40 17 27 31 6 48 28
12 3 1 8 30 23 32 24 14
12 6 15 28 37 13 12 30 3
12 10 34 9 26 19 38 40 37
12 13 14 41 23 10 35 46 19
12 17 3 21 47 27 23 45 40
12 20 48 36 46 22 42 43 21
12 24 22 4 42 46 10 35 32
12 27 22 44 30 39 10 12 9
1 2 29 21 44 8 38 45 20
1 5 40 20 34 21 22 3 44
1 9 11 19 15 33 14 1 42
1 12 8 34 32 5 20 35 17
1 16 33 41 27 7 22 39 47
1 19 43 16 41 29 19 5 37
1 23 21 45 2 11 33 19 40
1 26 15 30 26 38 44 14 19
1 30 42 32 39 46 21 2 19
2 3 17 43 2 15 6 13 4
2 7 30 47 36 43 2 32 49
2 10 15 6 45 31 2 21 24
2 14 25 20 2 5 17 48 14
2 17 45 21 48 41 44 10 32
2 21 6 47 24 48 49 46 40
2 24 27 26 43 28 30 31 8
2 28 13 7 5 26 46 4 24
3 2 36 31 43 37 44 22 11
3 6 27 29 28 16 23 18 19
3 9 21 38 28 1 20 36 30
3 13 44 23 47 8 39 22 36
3 16 36 4 37 5 40 14 25
3 20 33 6 31 42 27 19 13
3 23 20 9 35 4 1 25 43
3 27 23 26 43 31 19 25 10
3 30 48 25 44 3 2 45 31
4 4 39 47 9 21 19 14 11
4 7 35 40 45 22 13 24 37
4 11 7 43 21 22 5 31 4
4 14 17 31 23 39 4 11 14
4 18 6 29 23 30 25 24 47
4 21 37 30 33 22 10 29 27
4 25 44 35 30 49 47 1 46
4 28 13 31 23 46 25 39 41
4 2 13 1 28 18 8 49 6
4 5 1 22 33 40 26 17 11
4 9 49 46 38 5 22 43 13
4 12 4 44 39 34 18 31 49
4 16 11 49 16 40 13 35 39
4 19 49 46 45 24 9 1 12
4 23 29 21 40 35 3 33 45
4 26 47 23 15 9 38 49 36
5 1 26 5 19 1 46 17 47
5 4 28 36 24 6 44 38 8
5 8 1 7 16 41 6 12 49
5 11 9 30 36 11 39 45 26
5 15 49 41 34 11 18 21 47
5 18 18 31 4 11 27 19 24
5 22 16 41 3 26 31 28 45
5 25 46 15 28 8 35 41 11
5 29 25 30 37 19 17 22 31
6 2 41 11 44 34 22 14 27
6 6 24 11 39 5 21 37 13
6 9 22 5 27 7 34 9 45
6 13 24 33 44 28 1 43 31
6 16 14 44 27 13 18 29 21
6 20 12 29 28 43 47 23 26
6 23 1 24 26 14 3 45 38
6 27 19 27 2 38 31 49 32
7 1 43 38 39 48 47 7 29
7 5 29 40 46 44 47 6 33
7 8 35 43 7 42 34 47 29
7 12 6 30 38 3 41 1 46
7 15 28 36 45 34 31 18 42
7 19 32 48 36 40 10 21 9
7 22 19 44 7 17 24 30 31
7 26 21 3 31 30 48 4 15
7 29 32 33 20 37 38 31 39
8 3 48 39 12 13 18 44 35
8 6 29 37 42 36 22 30 9
8 10 35 19 49 18 45 34 16
8 13 42 22 6 47 41 4 18
8 17 7 1 28 3 9 40 45
8 20 18 9 44 17 33 47 8
8 24 30 8 41 18 31 15 45
8 27 11 48 43 5 30 12 15
9 2 35 3 28 45 2 44 36
9 5 39 45 25 13 49 27 11
9 9 46 25 20 2 19 7 43
9 12 20 41 32 17 28 1 13
9 16 20 25 14 36 46 10 2
9 19 24 38 36 4 37 18 31
9 23 8 47 13 42 48 41 29
9 26 37 31 45 38 9 25 21
9 30 2 11 22 31 25 14 26
10 3 42 33 32 18 17 41 12
10 7 23 24 27 6 34 20 16
10 10 4 3 46 18 14 2 25
10 14 31 13 9 18 19 5 32
10 17 37 31 18 26 43 5 8
10 21 43 29 23 2 41 30 16
10 24 23 8 28 11 19 13 49
10 28 44 5 12 38 22 14 25
11 2 8 49 28 11 17 21 37
11 6 7 15 10 44 19 5 49
11 9 13 25 31 48 22 17 26
11 13 41 18 25 32 47 12 7
11 16 28 37 18 14 42 5 19
11 20 4 3 32 33 22 49 21
11 23 35 7 24 1 31 47 21
11 27 19 14 33 6 5 27 31
11 30 48 44 33 10 1 24 37
12 4 32 8 34 2 44 46 14
12 7 33 46 30 27 22 37 24
12 11 31 14 47 2 23 25 48
12 14 18 2 48 11 49 4 38
12 18 3 31 43 7 34 32 41
12 21 46 39 28 1 26 37 3
12 25 25 19 38 8 15 34 6
12 28 22 26 47 38 4 11 13
12 29 22 11 5 17 30 34 10
1 1 12 10 21 35 9 31 19
1 2 16 46 40 45 48 6 31
1 3 27 38 13 3 19 24 40
1 6 8 30 34 17 2 40 26
1 10 40 28 24 7 23 32 8
1 13 28 9 7 35 17 25 36
1 17 30 36 39 21 8 15 17
1 20 36 34 1 26 37 35 7
1 24 36 5 38 24 35 30 11
1 27 16 12 29 45 44 13 30
2 1 20 47 49 46 35 16 31
2 4 23 5 37 13 43 44 26
2 8 40 25 1 12 37 39 18
2 11 30 23 24 5 13 7 1
2 15 39 28 1 42 20 9 47
2 18 3 46 2 8 24 15 36
2 22 11 20 35 26 23 15 31
2 25 21 17 4 35 7 13 33
2 29 45 35 48 7 47 16 39
3 3 32 22 1 29 3 18 21
3 7 18 45 6 48 40 43 24
3 10 48 37 42 36 40 3 17
3 14 45 36 29 12 15 31 40
3 17 17 40 19 30 15 47 25
3 21 32 46 37 30 47 10 16
3 24 45 32 4 22 1 8 2
3 28 35 14 11 25 33 9 2
4 1 43 39 25 2 32 17 34
4 5 1 30 27 39 7 6 21
4 8 24 22 16 23 10 5 31
4 12 39 35 42 49 29 24 48
4 15 28 10 41 27 31 37 34
4 19 17 43 16 30 7 10 23
4 22 44 3 33 39 6 10 37
4 26 14 46 43 19 34 47 42
4 29 39 14 29 33 3 48 22
5 4 46 34 49 20 16 42 4
5 7 35 47 22 4 16 32 43
5 11 41 36 11 4 43 25 27
5 14 41 35 39 29 10 44 7
5 18 34 18 26 28 38 7 5
5 21 26 31 49 22 44 42 29
5 25 5 44 1 21 18 40 22
5 28 45 40 28 39 11 14 42
6 2 43 41 29 28 19 24 37
6 5 48 47 29 34 24 15 31
6 9 13 31 16 29 10 37 32
6 12 5 3 15 9 49 30 48
6 16 17 35 24 27 49 4 39
6 19 34 17 8 39 21 45 44
6 23 43 6 22 15 45 16 48
6 26 43 7 44 45 46 27 35
6 30 27 17 48 32 4 1 6
7 3 12 13 4 3 24 30 9
7 7 14 48 37 34 16 12 7
7 10 24 40 29 17 27 4 9
7 14 49 31 16 28 7 5 34
7 17 12 11 5 14 31 35 26
7 21 11 8 15 5 36 14 46
7 24 21 36 2 46 27 24 5
7 28 39 29 48 22 13 11 45
8 2 14 7 48 33 6 36 18
8 6 42 14 34 1 10 47 9
8 9 16 28 26 27 45 12 6
8 13 46 40 8 1 17 19 15
8 16 47 12 6 39 28 19 36
8 20 15 23 7 35 9 34 41
8 23 1 18 38 46 12 19 2
8 27 46 1 17 23 14 4 41
8 30 12 25 28 18 7 48 46
9 4 4 6 26 31 7 11 38
9 7 32 37 2 46 49 10 28
9 11 20 13 22 16 28 8 49
9 14 9 17 39 43 11 40 46
9 18 8 39 32 23 7 16 22
9 21 35 11 36 8 3 10 39
9 25 21 42 4 39 30 1 44
9 28 31 6 16 36 26 46 9
10 3 27 46 37 12 3 29 17
10 6 30 28 1 39 3 33 34
10 10 22 12 29 23 46 3 33
10 13 43 31 2 18 36 4 8
10 17 33 35 16 46 36 15 21
10 20 9 8 40 47 11 24 33
10 24 15 20 10 11 21 1 26
10 27 2 19 30 31 8 13 20
11 1 44 10 8 38 17 49 40
11 4 8 6 4 10 36 15 13
11 8 6 34 49 11 27 42 21
11 11 16 41 10 48 26 28 42
11 15 28 14 1 9 4 22 47
11 18 25 8 17 9 14 45 27
11 22 21 9 33 36 24 43 3
11 25 16 31 43 39 2 12 18
11 29 27 36 42 40 29 5 35
12 3 11 35 21 18 37 20 8
12 7 1 7 25 36 21 35 39
12 10 7 19 17 30 37 32 3
12 14 11 49 2 45 41 21 26
12 17 20 29 13 15 26 36 37
12 21 22 43 12 44 38 15 9
12 24 4 20 29 41 45 1 36
12 28 2 30 7 26 5 1 24
12 30 9 22 49 48 45 44 8
1 1 38 17 23 49 48 27 19
1 2 36 37 13 19 9 6 27
1 3 14 45 3 24 19 13 5
1 4 2 16 27 30 17 1 48
1 5 19 46 32 12 42 8 28
1 8 22 5 28 11 21 12 25
1 12 15 31 21 6 44 22 41
1 15 24 10 48 33 20 19 1
1 19 47 19 6 26 32 20 35
1 22 11 12 23 40 28 48 9
1 26 13 9 5 3 46 12 4
1 29 17 24 13 18 32 28 37
2 4 43 8 40 35 37 26 6
2 7 38 26 6 37 18 30 16
2 11 40 20 15 16 13 43 14
2 14 47 8 40 41 27 2 28
2 18 26 40 35 39 12 28 16
2 21 47 26 46 8 31 18 20
2 25 19 25 47 42 30 23 16
2 28 9 18 23 36 47 35 41
3 2 46 18 29 30 47 22 6
3 5 8 24 35 37 41 47 23
3 9 28 27 17 1 45 14 11
3 12 1 3 17 9 12 4 15
3 16 26 44 24 8 35 5 41
3 19 8 48 15 40 9 44 24
3 23 18 37 20 11 12 15 42
3 26 46 24 34 4 38 35 30
4 1 2 46 9 44 30 27 22
4 4 1 25 37 23 7 40 12
4 8 10 46 39 35 40 25 31
4 11 13 1 27 21 37 11 3
4 15 32 20 31 44 29 15 23
4 18 45 41 31 42 14 38 29
4 22 34 33 30 13 35 6 38
4 25 30 11 22 46 17 27 15
4 29 26 19 23 10 39 32 16
5 2 21 9 17 35 24 30 15
5 6 31 32 16 44 35 33 46
5 9 41 29 47 49 25 40 48
5 13 3 32 11 35 33 28 30
5 16 28 32 37 42 4 21 16
5 20 3 6 20 48 18 25 12
5 23 14 36 12 16 33 47 48
5 27 14 40 8 1 12 41 15
6 1 35 24 36 27 13 21 24
6 5 9 21 48 8 7 9 18
6 8 48 14 24 17 27 3 28
6 12 33 10 39 22 47 25 38
6 15 7 18 30 1 15 14 33
6 19 7 32 18 23 48 34 13
6 22 19 15 21 2 30 1 40
6 26 28 3 13 9 17 42 14
6 29 45 30 21 32 5 35 26
7 3 47 36 32 31 44 34 46
7 6 45 8 21 32 5 23 18
7 10 40 11 26 33 4 42 34
7 13 32 42 26 45 38 31 37
7 17 12 10 6 4 34 45 44
7 20 47 46 29 23 18 48 5
7 24 12 19 6 7 14 9 17
7 27 43 8 23 30 16 31 18
8 2 23 32 43 19 1 17 9
8 5 39 38 21 23 10 9 35
8 9 39 36 43 7 8 42 22
8 12 16 25 32 10 36 27 45
8 16 42 49 21 41 29 23 14
8 19 27 49 2 36 31 23 15
8 23 41 19 7 18 16 12 45
8 26 6 17 29 2 32 39 4
8 30 38 28 20 32 2 11 16
9 3 15 19 29 22 37 8 39
9 7 49 41 18 47 36 35 15
9 10 10 14 19 37 24 35 39
9 14 45 40 17 47 18 41 29
9 17 11 26 1 24 28 19 33
9 21 47 36 20 9 14 10 8
9 24 32 36 33 2 20 11 39
9 28 31 44 42 28 14 38 45
9 1 36 1 20 45 17 37 15
9 5 16 32 25 5 37 44 21
9 8 14 8 27 49 10 2 20
9 12 20 38 3 35 30 41 47
9 15 49 25 40 27 19 11 33
9 19 18 23 11 36 5 43 14
9 22 44 15 41 29 16 34 49
9 26 12 20 43 11 28 26 6
9 29 3 32 2 34 26 22 40
10 4 15 32 16 1 44 48 40
10 7 35 44 1 40 10 21 36
10 11 11 26 42 13 9 23 47
10 14 47 30 11 34 37 18 17
10 18 41 23 9 7 43 33 24
10 21 24 8 29 32 7 48 37
10 25 35 45 34 32 17 28 8
10 28 9 1 24 41 32 49 40
11 2 32 39 3 31 30 27 35
11 5 49 32 42 45 9 27 30
11 9 48 49 7 44 32 30 45
11 12 31 23 48 29 22 13 6
11 16 16 37 43 11 30 29 13
11 19 18 7 24 21 23 8 11
11 23 46 14 22 37 2 16 49
11 26 2 46 17 32 38 28 49
12 1 47 35 28 45 9 24 48
12 4 20 16 39 42 38 8 29
12 8 45 4 27 15 9 21 6
12 11 35 14 24 39 3 44 28
12 15 30 13 16 18 5 15 8
12 18 11 42 5 29 46 36 48
12 22 29 14 44 26 15 35 9
12 25 25 1 29 9 15 35 38
12 29 11 15 23 46 40 3 13
12 30 15 27 6 16 3 31 14
1 1 25 40 7 49 31 27 11
1 2 10 45 29 5 9 28 41
1 3 27 17 40 2 11 5 20
1 4 6 3 12 37 34 43 28
1 5 21 20 43 38 32 14 23
1 6 46 39 28 3 48 41 9
1 9 2 6 43 38 27 34 45
1 13 43 46 41 6 11 4 21
1 16 44 22 21 6 37 35 29
1 20 11 25 46 47 3 34 42
1 23 6 22 9 14 33 16 11
1 27 36 42 49 5 32 40 1
2 1 4 13 7 29 9 46 8
2 5 9 4 6 17 3 24 28
2 8 12 36 24 13 18 15 39
2 12 2 32 43 13 25 4 15
2 15 36 13 43 32 42 40 41
2 19 17 47 11 45 19 33 4
2 22 44 17 10 11 42 20 13
2 26 38 1 48 49 23 22 11
2 29 47 45 26 36 33 32 39
3 3 1 22 3 33 29 11 30
3 6 13 25 41 46 35 31 49
3 10 3 44 36 26 12 5 23
3 13 15 49 25 29 47 8 9
3 17 44 41 28 42 49 8 30
3 20 44 15 2 28 10 49 39
3 24 1 23 29 31 13 33 17
3 27 27 32 18 6 29 3 40
4 2 15 16 29 39 42 46 14
4 5 23 3 43 28 37 21 5
4 9 10 26 45 11 2 20 30
4 12 2 34 32 11 28 5 24
4 16 7 1 20 19 46 47 13
4 19 41 8 48 32 21 35 34
4 23 37 3 20 27 44 34 12
4 26 28 8 24 22 19 26 18
5 1 35 41 4 25 3 45 7
5 4 18 11 5 25 38 3 15
5 8 45 2 13 35 33 43 5
5 11 6 12 5 41 29 28 7
5 15 18 35 19 48 46 32 47
5 18 21 23 29 41 46 28 24
5 22 46 33 1 27 14 42 41
5 25 6 5 26 13 47 29 33
5 29 45 30 10 12 14 19 41
6 2 33 4 27 7 20 40 38
6 6 16 44 40 9 8 39 28
6 9 25 10 12 42 33 39 29
6 13 49 32 6 27 15 44 16
6 16 30 40 13 16 32 18 29
6 20 48 12 3 19 17 38 43
6 23 25 36 28 27 37 26 38
6 27 45 43 46 2 35 1 14
7 1 13 23 42 5 24 14 35
7 5 29 49 30 8 20 42 21
7 8 20 10 15 21 36 27 45
7 12 45 22 13 26 47 15 49
7 15 15 11 46 40 8 12 16
7 19 20 48 40 18 19 9 3
7 22 20 49 46 19 44 47 9
7 26 8 31 43 28 36 32 9
7 29 41 10 5 29 18 44 30
8 3 44 13 30 34 31 2 39
8 6 16 6 17 41 37 36 28
8 10 47 46 6 10 39 44 30
8 13 13 38 25 21 9 39 2
8 17 1 35 3 25 44 31 15
8 20 44 11 45 36 41 15 35
8 24 8 10 28 3 38 47 13
8 27 35 2 8 27 22 43 24
9 1 24 29 32 44 49 31 39
9 4 31 20 29 44 25 40 21
9 8 32 12 37 17 39 38 27
9 11 1 41 16 43 47 46 25
9 15 7 17 34 8 10 36 43
9 18 15 8 20 3 6 30 40
9 22 28 45 8 16 48 22 13
9 25 30 45 27 49 8 24 42
9 29 7 27 45 11 10 28 21
10 2 33 18 16 11 31 1 19
10 6 2 44 7 47 31 26 36
10 9 40 9 4 10 39 42 8
10 13 48 1 9 29 28 13 45
10 16 4 41 5 23 40 25 11
10 20 41 37 13 6 19 15 22
10 23 16 21 34 47 37 41 21
10 27 15 8 40 43 36 32 3
11 1 42 25 1 43 4 29 11
11 5 22 18 31 23 11 4 19
11 8 25 18 15 6 5 11 31
11 12 29 49 37 12 13 8 43
11 15 12 7 3 16 30 11 13
11 19 8 30 32 42 13 1 11
11 22 16 41 29 19 24 43 32
11 26 7 33 15 25 3 1 21
11 29 13 28 44 3 48 10 1
12 3 18 15 5 44 40 39 37
12 6 27 11 42 6 16 17 35
12 10 14 9 46 4 23 44 41
12 13 46 20 10 17 15 43 37
12 17 17 46 35 11 13 39 2
12 20 16 38 35 45 48 44 27
12 24 48 15 21 26 43 23 34
12 27 41 5 30 4 26 38 28
12 29 21 11 4 37 35 25 43
1 1 27 12 8 32 13 16 24
1 2 31 25 9 24 45 37 12
1 3 19 32 22 47 18 44 9
1 4 3 34 13 48 29 30 28
1 5 32 22 6 10 11 45 4
1 6 6 18 29 35 4 48 20
1 7 21 3 26 16 20 1 22
1 9 23 33 11 34 40 29 6
1 12 23 20 44 30 11 39 49
1 16 20 14 19 43 45 10 22
1 19 3 46 21 9 17 41 27
1 23 34 17 23 14 7 22 12
1 26 29 7 5 12 22 17 4
1 30 3 30 27 39 41 35 32
2 3 9 34 49 36 16 30 31
2 7 14 48 6 30 42 47 18
2 10 4 18 1 3 25 47 13
2 14 33 7 16 20 30 11 6
2 17 37 41 7 11 40 22 20
2 21 47 18 46 1 34 17 25
2 24 39 12 16 29 8 37 40
2 28 14 32 38 43 23 26 3
3 2 36 45 7 30 13 2 43
3 6 19 11 49 45 39 14 23
3 9 28 47 13 45 17 9 3
3 13 12 41 47 46 39 21 14
3 16 48 33 46 19 12 23 29
3 20 12 6 34 43 21 25 28
3 23 8 27 36 31 14 40 3
3 27 40 1 7 17 43 41 33
3 30 26 48 1 42 39 37 41
4 4 36 38 22 3 4 8 7
4 7 10 31 35 38 22 3 37
4 11 2 42 3 20 23 34 40
4 14 40 25 43 10 5 30 26
4 18 8 21 13 33 39 6 45
4 21 2 24 13 39 9 16 41
4 25 1 46 32 5 2 45 43
4 28 10 3 41 33 27 44 7
5 3 5 39 31 8 44 23 19
5 6 23 4 48 22 15 13 3
5 10 33 12 37 35 13 16 18
5 13 17 21 31 10 7 20 49
5 17 36 27 2 49 35 34 26
5 20 17 14 39 41 27 28 18
5 24 25 46 45 8 39 7 38
5 27 41 34 20 43 24 8 32
6 2 9 17 40 6 15 47 24
6 5 13 10 9 19 35 23 38
6 9 42 31 46 43 25 34 5
6 12 29 24 25 35 33 38 49
6 16 7 46 40 33 45 13 39
6 19 17 10 33 2 49 27 15
6 23 35 41 19 22 9 15 37
6 26 28 9 27 15 30 41 13
6 30 15 4 20 22 28 29 1
7 3 27 40 2 35 22 1 33
7 7 15 37 35 17 45 30 41
7 10 8 35 43 33 20 42 10
7 14 29 20 14 15 5 27 35
7 17 19 26 44 46 5 48 36
7 21 44 26 38 25 48 37 31
7 24 34 49 28 9 42 41 6
7 28 1 46 36 27 11 18 26
8 2 9 45 46 11 20 21 42
8 6 7 4 28 20 45 23 35
8 9 41 12 1 44 36 35 21
8 13 3 41 16 40 22 33 39
8 16 34 31 49 30 17 23 36
8 20 22 7 17 44 4 45 32
8 23 1 43 33 29 31 2 40
8 27 35 15 48 14 16 46 2
8 30 48 4 10 31 38 40 5
9 4 23 11 30 35 44 40 7
9 7 10 16 30 42 33 37 43
9 11 37 39 2 8 13 14 38
9 14 23 10 30 44 29 47 7
9 18 44 15 14 47 16 24 21
9 21 33 32 2 8 21 37 15
9 25 34 15 25 27 33 5 43
9 28 10 38 13 1 33 37 40
10 2 11 10 49 20 15 31 44
10 5 49 38 2 3 17 28 21
10 9 22 17 6 49 11 3 44
10 12 8 28 7 32 2 22 20
10 16 8 33 41 43 25 7 6
10 19 26 6 18 25 34 24 19
10 23 34 21 25 44 1 24 19
10 26 3 28 42 1 37 22 10
11 1 3 26 28 38 40 21 42
11 4 5 25 34 26 49 40 47
11 8 46 41 30 32 27 44 42
11 11 12 38 42 49 44 28 2
11 15 36 29 49 39 33 19 6
11 18 25 36 42 19 11 34 8
11 22 35 36 46 1 29 44 6
11 25 38 42 23 28 41 8 30
11 29 40 26 29 10 31 25 2
12 2 37 6 7 47 35 38 12
12 6 18 41 47 49 22 42 45
12 9 35 32 12 40 14 43 17
12 13 37 14 4 46 13 39 31
12 16 19 25 27 21 38 14 22
12 20 40 28 12 4 34 17 7
12 23 1 16 5 31 41 18 13
12 27 33 9 48 1 17 31 49
12 30 1 5 49 7 35 31 42
1 1 32 25 19 20 30 1 2
1 2 9 22 3 8 14 12 46
1 3 26 10 29 19 45 43 20
1 4 11 4 33 16 46 28 17
1 5 4 43 9 47 32 11 44
1 7 11 2 25 33 30 29 20
1 11 19 32 6 18 23 49 21
1 14 24 7 11 12 15 26 6
1 18 10 37 11 21 28 23 24
1 21 46 49 23 21 16 6 39
1 25 48 39 32 15 8 10 43
1 28 47 35 38 12 16 41 1
2 3 19 43 30 14 15 6 31
2 6 43 2 20 37 48 16 10
2 10 22 41 31 6 12 44 2
2 13 21 41 48 11 12 35 1
2 17 32 33 20 39 17 15 21
2 20 4 25 17 40 44 36 8
2 24 32 16 43 44 27 8 7
2 27 41 49 39 24 36 45 22
3 1 32 42 44 22 37 21 38
3 4 38 22 24 17 18 25 39
3 8 5 34 43 17 33 44 4
3 11 31 23 37 49 19 32 26
3 15 40 22 9 47 36 31 8
3 18 29 2 3 42 4 23 14
3 22 25 21 14 39 35 36 18
3 25 28 39 22 15 5 23 25
3 29 41 17 35 22 30 16 26
4 3 3 1 31 42 19 32 43
4 7 27 39 24 36 23 14 13
4 10 19 49 9 1 34 18 11
4 14 16 17 21 40 20 32 15
4 17 35 9 2 25 18 22 14
4 21 6 7 14 46 29 5 24
4 24 16 21 15 46 28 23 14
4 28 2 15 10 22 26 32 42
5 1 35 16 8 14 21 19 20
5 5 7 30 31 19 14 39 40
5 8 8 23 7 3 31 30 32
5 12 48 32 16 25 14 36 12
5 15 31 37 24 46 32 26 1
5 18 36 2 43 4 17 22 40
5 22 15 26 36 45 21 1 10
